2.6691902155412764e-109
7.255611259606535e-109
1.9722796241351285e-108
5.361211862926556e-108
1.4573284785512322e-107
3.961429521341682e-107
1.0768281882584307e-106
2.927122496515368e-106
7.9567438919514e-106
2.1628672335193993e-105
5.8792826982452694e-105
1.5981547323013778e-104
4.344234967880666e-104
1.1808854971746377e-103
3.209979588460643e-103
8.72562918503701e-103
2.371871925555801e-102
6.4474163546704995e-102
1.7525894717410477e-101
4.764032113782328e-101
1.2949981925089835e-100
3.5201700545844787e-100
9.568814292462674e-100
2.601073401110048e-99
7.070450560725609e-99
1.921947727823849e-98
5.2243955837917194e-98
1.4201379580102718e-97
3.860335205164256e-97
1.0493479039958717e-96
2.852423339163565e-96
7.753690529920792e-96
2.1076716070978668e-95
5.729245429933205e-95
1.557370374296946e-94
4.23337158863185e-94
1.1507497062492758e-93
3.1280620156019903e-93
8.502954135303866e-93
2.3113425714217192e-92
6.282880511239462e-92
1.7078639924081707e-91
4.6424556560426474e-91
1.2619502849247642e-90
3.4303365279297016e-90
9.324621449370603e-90
2.534694904308355e-89
6.89001509906914e-89
1.872900284160809e-88
5.091070808950109e-88
1.3838965267367376e-87
3.761820781096061e-87
1.0225689071173033e-86
2.7796304785641908e-86
7.55581901971196e-86
2.053884554040826e-85
5.583037061001887e-85
1.5176268190534823e-84
4.125337404615185e-84
1.1213829703227856e-83
3.0482349509718563e-83
8.285961676100548e-83
2.2523579055452168e-82
6.122543565829638e-82
1.664279891894355e-81
4.52398178760621e-81
1.2297457485529627e-80
3.342795521916285e-80
9.086660323479307e-80
2.470010363869359e-79
6.714184288211594e-79
1.8251045143570802e-78
4.961148436415422e-78
1.3485799642996046e-77
3.665820411179563e-77
9.964733010103672e-77
2.7086952666810816e-76
7.362997122252211e-76
2.0014701280414431e-75
5.440559879258653e-75
1.4788975056432135e-74
4.020060215743355e-74
1.0927656633766312e-73
2.970445045520691e-73
8.074506789675094e-73
2.1948785080142992e-72
5.96629836401057e-72
1.6218080426054861e-71
4.408531331463226e-71
1.1983630608508847e-70
3.257488532207521e-70
8.854771883513431e-70
2.4069765506104637e-69
6.542840619051456e-69
1.7785284761271306e-68
4.834541638053336e-68
1.3141646683649009e-67
3.5722699376192174e-67
9.710436457780847e-67
2.6395702969591894e-66
7.175095973164411e-66
1.9503933001302485e-65
5.301718666092324e-65
1.441156550964089e-64
3.917469664450395e-64
1.0648786602415065e-63
2.8946403116483003e-63
7.868448159078602e-63
2.138865964899539e-62
5.814040485895939e-62
1.580420060273613e-61
4.296027131173911e-61
1.1677812485237085e-60
3.1743585474772134e-60
8.628801156620959e-60
2.3455513385429143e-59
6.375869581278994e-59
1.733141042341547e-58
4.7111658015535965e-58
1.2806276389220833e-57
3.4811068399043105e-57
9.462629465836378e-57
2.572209372642415e-56
6.991989996645917e-56
1.9006199352650016e-55
5.166420632837861e-55
1.4043787324419038e-54
3.817497188671175e-54
1.0377033238158344e-53
2.820770088460135e-53
7.667648073722e-53
2.0842828425817514e-52
5.66566817635894e-52
1.5400882849875202e-51
4.186393999304232e-51
1.1379798735078682e-50
3.0933500113085605e-50
8.408597124803643e-50
2.285693676718672e-49
6.213159586848109e-49
1.6889118802245324e-48
4.590938473882946e-48
1.2479464629129513e-47
3.3922701930260156e-47
9.221146422925874e-47
2.506567475899953e-46
6.813556821545298e-46
1.8521167695179754e-45
5.0345753587649823e-45
1.3685394711738532e-44
3.7200759760208356e-44
1.0112214926104486e-43
2.7487850079102147e-43
7.47197233734299e-43
2.031092662734811e-42
5.5210822770285325e-42
1.5007857627073948e-41
4.07955866717756e-41
1.1089390193121365e-40
3.014408785065374e-40
8.194012623990515e-40
2.2273635617957434e-39
6.054601895401186e-39
1.6458114310822737e-38
4.4737793061811207e-38
1.2160992992528256e-37
3.305700626760734e-37
8.985825944049381e-37
2.4426007377405277e-36
6.639677199580733e-36
1.8048513878454153e-35
4.906094730649281e-35
1.3336148155022612e-34
3.625140919143559e-34
9.854154686111257e-34
2.678636961808078e-33
7.281290178321645e-33
1.9792598779469048e-32
5.380186160021138e-32
1.462486227251231e-31
3.975449735908647e-31
1.0806392777072785e-30
2.9374821117108028e-30
7.984904245686979e-30
2.1705220113036392e-29
5.900090541597061e-29
1.603810890548638e-28
4.359610000063081e-28
1.1850648642339812e-27
3.2213402859925163e-27
8.75651076269652e-27
2.3802664086944004e-26
6.47023492564546e-26
1.7587922024243116e-25
4.780892883885469e-25
1.299581425007503e-24
3.532628572200807e-24
9.602680054508676e-24
2.6102790696677047e-23
7.095474162284704e-23
1.928749847963918e-22
5.242885663363464e-22
1.4251640827409352e-21
3.873997628687187e-21
1.0530617357553813e-20
2.8625185805493937e-20
7.781132241133797e-20
2.1151310375910807e-19
5.74952226429356e-19
1.5628821893349888e-18
4.248354255291589e-18
1.1548224173015786e-17
3.1391327920480296e-17
8.533047625744066e-17
2.319522830243569e-16
6.305116760146985e-16
1.71390843154201e-15
4.658886145103376e-15
1.2664165549094016e-14
3.442477108469858e-14
9.357622968839299e-14
2.543665647376276e-13
6.914400106935423e-13
1.8795288165355508e-12
5.109089028037221e-12
1.3887943864771144e-11
3.7751345441365816e-11
1.0261879630648827e-10
2.7894680920908113e-10
7.582560422162385e-10
2.0611536181902037e-09
5.602796406145941e-09
1.522997951276035e-08
4.1399375473943306e-08
1.12535162055095e-07
3.059022269256247e-07
8.315280276641321e-07
2.2603242979035746e-06
6.144174602214718e-06
1.670142184809518e-05
4.5397868702434395e-05
0.00012339457598623172
0.0003353501304664781
0.0009110511944006454
0.0024726231566347743
0.0066928509242848554
0.01798620996209156
0.04742587317756678
0.11920292202211755
0.2689414213699951
0.5
0.7310585786300049
0.8807970779778823
0.9525741268224334
0.9820137900379085
0.9933071490757153
0.9975273768433653
0.9990889488055994
0.9996646498695336
0.9998766054240137
0.9999546021312976
0.999983298578152
0.9999938558253978
0.999997739675702
0.9999991684719722
0.999999694097773
0.9999998874648379
0.9999999586006244
0.9999999847700205
0.9999999943972036
0.9999999979388463
0.9999999992417439
0.9999999997210531
0.9999999998973812
0.9999999999622486
0.999999999986112
0.999999999994891
0.9999999999981204
0.9999999999993086
0.9999999999997455
0.9999999999999065
0.9999999999999656
0.9999999999999873
0.9999999999999953
0.9999999999999982
0.9999999999999993
0.9999999999999998
1.0
1.0
1.0
1.0
1.0
1.0
1.0
1.0
1.0
1.0
1.0
1.0
1.0
1.0
1.0
1.0
1.0
1.0
1.0
1.0
1.0
1.0
1.0
1.0
1.0
1.0
1.0
1.0
1.0
1.0
1.0
1.0
1.0
1.0
1.0
1.0
1.0
1.0
1.0
1.0
1.0
1.0
1.0
1.0
1.0
1.0
1.0
1.0
1.0
1.0
1.0
1.0
1.0
1.0
1.0
1.0
1.0
1.0
1.0
1.0
1.0
1.0
1.0
1.0
1.0
1.0
1.0
1.0
1.0
1.0
1.0
1.0
1.0
1.0
1.0
1.0
1.0
1.0
1.0
1.0
1.0
1.0
1.0
1.0
1.0
1.0
1.0
1.0
1.0
1.0
1.0
1.0
1.0
1.0
1.0
1.0
1.0
1.0
1.0
1.0
1.0
1.0
1.0
1.0
1.0
1.0
1.0
1.0
1.0
1.0
1.0
1.0
1.0
1.0
1.0
1.0
1.0
1.0
1.0
1.0
1.0
1.0
1.0
1.0
1.0
1.0
1.0
1.0
1.0
1.0
1.0
1.0
1.0
1.0
1.0
1.0
1.0
1.0
1.0
1.0
1.0
1.0
1.0
1.0
1.0
1.0
1.0
1.0
1.0
1.0
1.0
1.0
1.0
1.0
1.0
1.0
1.0
1.0
1.0
1.0
1.0
1.0
1.0
1.0
1.0
1.0
1.0
1.0
1.0
1.0
1.0
1.0
1.0
1.0
1.0
1.0
1.0
1.0
1.0
1.0
1.0
1.0
1.0
1.0
1.0
1.0
1.0
1.0
1.0
1.0
1.0
1.0
1.0
1.0
1.0
1.0
1.0
1.0
1.0
1.0
1.0
1.0
1.0
1.0
1.0
1.0
1.0
1.0
1.0
1.0
1.0
1.0
1.0